Physicochemical properties	GG	GA	GC	GT	AG	AA	AC	AT	CG	CA	CC	CT	TG	TA	TC	TT
Base stacking	-0.070 	-0.654 	-2.455 	-0.918 	0.488 	1.019 	-0.918 	0.567 	-0.579 	0.567 	-0.070 	0.488 	0.567 	1.603 	-0.654 	1.019 
Protein induced deformability	0.355 	-0.144 	-0.301 	-0.831 	-0.894 	-0.644 	-0.831 	-1.050 	2.229 	1.510 	0.355 	-0.894 	1.510 	0.418 	-0.144 	-0.644 
B-DNA twist	-0.056 	1.112 	0.786 	-0.653 	-1.332 	-0.002 	-0.653 	2.089 	-1.142 	0.596 	-0.056 	-1.332 	0.596 	-1.061 	1.112 	-0.002 
Dinucleotide GC Content	1.369 	0.000 	1.369 	0.000 	0.000 	-1.369 	0.000 	-1.369 	1.369 	0.000 	1.369 	0.000 	0.000 	-1.369 	0.000 	-1.369 
A-philicity	-1.191 	1.023 	0.322 	-1.359 	-0.799 	0.995 	-1.359 	-0.098 	-0.266 	1.191 	-1.191 	-0.799 	1.191 	0.322 	1.023 	0.995 
Propeller twist	1.397 	-0.274 	0.472 	-0.156 	-0.436 	-1.887 	-0.156 	-0.751 	0.799 	0.980 	1.397 	-0.436 	0.980 	0.233 	-0.274 	-1.887 
Duplex stability:(freeenergy)	-1.232 	0.270 	-1.232 	0.270 	0.270 	0.833 	0.270 	1.396 	-2.170 	-0.106 	-1.232 	0.270 	-0.106 	1.396 	0.270 	0.833 
Duplex tability(disruptenergy)	1.404 	-0.500 	1.404 	-0.881 	-0.500 	-0.119 	-0.881 	-1.388 	2.039 	-0.119 	1.404 	-0.500 	-0.119 	-0.627 	-0.500 	-0.119 
DNA denaturation	0.670 	-0.219 	2.353 	1.107 	0.016 	-0.842 	1.107 	-0.576 	0.187 	-0.915 	0.670 	0.016 	-0.915 	-1.598 	-0.219 	-0.842 
Bending stiffness	2.076 	-0.118 	0.666 	-0.118 	-0.118 	-0.901 	-0.118 	-1.371 	0.666 	-0.118 	2.076 	-0.118 	-0.118 	-1.371 	-0.118 	-0.901 
Protein DNA twist	-0.496 	0.827 	-0.224 	-1.041 	-0.885 	0.360 	-1.041 	-1.896 	0.749 	1.216 	-0.496 	-0.885 	1.216 	1.410 	0.827 	0.360 
Stabilising energy of Z-DNA	-0.579 	0.150 	0.588 	1.025 	0.150 	0.515 	1.025 	1.973 	-1.818 	-1.380 	-0.579 	0.150 	-1.380 	-0.506 	0.150 	0.515 
Aida_BA_transition	-0.498 	-0.190 	1.519 	0.259 	-0.990 	-0.933 	0.259 	1.030 	2.360 	0.454 	-0.498 	-0.990 	0.454 	-1.114 	-0.190 	-0.933 
Breslauer_dG	1.404 	-0.500 	1.404 	-0.881 	-0.500 	-0.119 	-0.881 	-0.627 	2.039 	-0.119 	1.404 	-0.500 	-0.119 	-1.388 	-0.500 	-0.119 
Breslauer_dH	1.306 	-1.105 	1.350 	-0.703 	-0.123 	0.458 	-0.703 	0.234 	1.707 	-1.015 	1.306 	-0.123 	-1.015 	-0.926 	-1.105 	0.458 
Breslauer_dS	1.144 	-1.251 	1.162 	-0.556 	0.083 	0.668 	-0.556 	0.650 	1.363 	-1.361 	1.144 	0.083 	-1.361 	-0.629 	-1.251 	0.668 
Electron_interaction	1.369 	0.000 	1.369 	0.000 	0.000 	-1.369 	0.000 	-1.369 	1.369 	0.000 	1.369 	0.000 	0.000 	-1.369 	0.000 	-1.369 
Hartman_trans_free_energy	-0.485 	-0.413 	-1.707 	-1.276 	0.234 	0.593 	-1.276 	-0.485 	0.665 	1.096 	-0.485 	0.234 	1.096 	2.031 	-0.413 	0.593 
Helix-Coil_transition	1.408 	-0.495 	1.408 	-0.887 	-0.495 	-0.132 	-0.887 	-0.615 	2.042 	-0.132 	1.408 	-0.495 	-0.132 	-1.370 	-0.495 	-0.132 
Ivanov_BA_transition	-1.191 	1.023 	0.322 	-1.359 	-0.799 	0.995 	-1.359 	-0.098 	-0.266 	1.191 	-1.191 	-0.799 	1.191 	0.322 	1.023 	0.995 
Lisser_BZ_transition	-0.488 	-0.402 	-1.707 	-1.278 	0.233 	0.593 	-1.278 	-0.488 	0.662 	1.091 	-0.488 	0.233 	1.091 	2.036 	-0.402 	0.593 
Polar_interaction	1.369 	0.000 	1.369 	0.000 	0.000 	-1.369 	0.000 	-1.369 	1.369 	0.000 	1.369 	0.000 	0.000 	-1.369 	0.000 	-1.369 
SantaLucia_dG	0.860 	0.170 	1.997 	0.103 	-0.498 	-0.810 	0.103 	-1.456 	1.573 	-0.008 	0.860 	-0.498 	-0.008 	-1.746 	0.170 	-0.810 
SantaLucia_dH	-0.726 	-0.026 	2.354 	0.604 	-1.147 	0.464 	0.604 	-0.866 	1.654 	-0.236 	-0.726 	-1.147 	-0.236 	-1.006 	-0.026 	0.464 
SantaLucia_dS	-1.276 	-0.036 	2.100 	0.676 	-1.144 	0.834 	0.676 	-0.432 	1.335 	-0.300 	-1.276 	-1.144 	-0.300 	-0.511 	-0.036 	0.834 
Sarai_flexibility	-0.789 	-0.434 	0.076 	0.852 	-0.567 	-0.700 	0.852 	3.159 	-0.412 	0.032 	-0.789 	-0.567 	0.032 	0.387 	-0.434 	-0.700 
Stability	0.497 	0.516 	2.517 	0.971 	-0.612 	-0.770 	0.971 	-0.669 	-0.762 	-0.043 	-0.762 	0.497 	-0.612 	-1.486 	0.516 	-0.770 
Stacking_energy	0.068 	0.651 	2.450 	0.915 	-0.489 	-1.020 	0.915 	-0.568 	0.606 	-0.568 	0.068 	-0.489 	-0.568 	-1.603 	0.651 	-1.020 
Sugimoto_dG	0.956 	-0.236 	1.353 	-0.236 	-0.236 	-0.831 	-0.236 	-1.427 	2.346 	0.161 	0.956 	-0.236 	0.161 	-1.427 	-0.236 	-0.831 
Sugimoto_dH	1.264 	0.088 	1.040 	0.424 	-1.145 	-0.361 	0.424 	-1.705 	1.768 	-0.249 	1.264 	-1.145 	-0.249 	-1.145 	0.088 	-0.361 
Sugimoto_dS	1.293 	0.191 	0.844 	0.641 	-1.406 	-0.169 	0.641 	-1.676 	1.428 	-0.371 	1.293 	-1.406 	-0.371 	-0.956 	0.191 	-0.169 
Watson-Crick_interaction	1.369 	0.000 	1.369 	0.000 	0.000 	-1.369 	0.000 	-1.369 	1.369 	0.000 	1.369 	0.000 	0.000 	-1.369 	0.000 	-1.369 
Twist	0.063 	-0.081 	-0.081 	1.502 	0.783 	0.063 	1.502 	1.071 	-1.664 	-1.376 	0.063 	0.783 	-1.376 	-1.233 	-0.081 	0.063 
Tilt	1.077 	0.502 	0.215 	0.502 	0.359 	0.502 	0.502 	0.215 	-1.220 	-1.364 	1.077 	0.359 	-1.364 	-2.368 	0.502 	0.502 
Roll	0.089 	0.266 	1.331 	0.799 	0.089 	0.266 	0.799 	0.621 	-0.444 	-0.266 	0.089 	0.089 	-0.266 	-0.444 	0.266 	-3.284 
Shift	0.560 	0.126 	-0.348 	0.126 	0.679 	1.587 	0.126 	-1.019 	-0.822 	-0.861 	0.560 	0.679 	-0.861 	-2.243 	0.126 	1.587 
Slide	-0.822 	-0.394 	0.646 	1.289 	-0.241 	0.111 	1.289 	2.513 	-0.287 	-0.623 	-0.822 	-0.241 	-0.623 	-1.511 	-0.394 	0.111 
Rise	0.242 	0.711 	1.585 	1.044 	-0.623 	-0.109 	1.044 	1.171 	-1.389 	-1.254 	0.242 	-0.623 	-1.254 	-1.389 	0.711 	-0.109 
