Physicochemical properties	GG	GA	GC	GT	AG	AA	AC	AT	CG	CA	CC	CT	TG	TA	TC	TT
Shift	-0.553	0.149	0.149	1.553	-0.816	-1.167	1.553	-0.991	2.167	0.500	-0.553	-0.816	0.500	-0.640	0.149	-1.167
Slide	-1.404	-0.967	0.727	0.508	0.126	1.383	0.508	0.891	-2.005	0.344	-1.404	0.126	0.344	0.399	-0.967	1.383
Rise	0.798	1.512	-0.393	-0.155	0.560	-0.869	-0.155	-0.155	0.560	-1.940	0.798	0.560	-1.940	0.083	1.512	-0.869
Tilt	-0.211	1.320	-0.671	0.554	0.095	-1.896	0.554	1.014	-0.824	0.861	-0.211	0.095	0.861	-0.977	1.320	-1.896
Roll	1.652	0.413	-1.101	-1.698	0.000	-0.688	-1.698	-0.642	1.652	0.642	0.092	0.000	0.642	1.010	0.413	-0.688
Twist	0.347	0.347	2.200	0.347	-0.888	-0.271	0.347	0.965	-2.741	-0.271	0.347	-0.888	-0.271	0.347	0.347	-0.271
Stacking energy	2.086	-0.038	-1.889	0.236	0.099	0.304	0.236	-0.861	-0.998	-0.175	2.086	0.099	-0.175	-1.272	-0.038	0.304
Enthalpy	-1.111	-1.552	-1.912	-0.310	0.731	1.131	-0.310	1.492	0.571	-0.431	-1.111	0.731	0.731	0.531	-0.310	1.131
Entropy	-0.911	-1.882	-1.781	-0.325	0.846	0.980	-0.325	1.465	0.813	-0.593	-0.911	0.846	0.846	0.277	-0.325	0.980
Free energy	-1.503	-0.288	-1.717	-0.142	0.072	1.607	-0.142	1.381	-0.302	0.032	-1.503	0.072	0.032	1.073	-0.288	1.607
Hydrophilicity	-0.629	-1.093	-0.033	0.033	-1.225	-1.490	-0.828	-0.828	0.563	-0.364	1.490	1.689	0.497	-0.364	1.424	1.159
