Amino-acid	A	C	D	E	F	G	H	I	K	L	M	N	P	Q	R	S	T	V	W	Y
Hydrophobicity	0.62	0.29	-0.90	-0.74	1.19	0.48	-0.40	1.38	-1.50	1.06	0.64	-0.78	0.12	-0.85	-2.53	-0.18	-0.05	1.08	0.81	0.26
Hydrophilicity	-0.5	-1.0	3.0	3.0	-2.5	0.0	-0.5	-1.8	3.0	-1.8	-1.3	0.2	0.0	0.2	3.0	0.3	-0.4	-1.5	-3.4	-2.3
Mass	15.0	47.0	59.0	73.0	91.0	1.0	82.0	57.0	73.0	57.0	75.0	58.0	42.0	72.0	101.0	31.0	45.0	43.0	130.0	107.0
pK1	2.35	1.71	1.88	2.19	2.58	2.34	1.78	2.32	2.20	2.36	2.28	2.18	1.99	2.17	2.18	2.21	2.15	2.29	2.38	2.20
pK2	9.87	10.78	9.60	9.67	9.24	9.60	8.97	9.76	8.90	9.60	9.21	9.09	10.60	9.13	9.09	9.15	9.12	9.74	9.39	9.11
pI	6.11	5.02	2.98	3.08	5.91	6.06	7.64	6.04	9.47	6.04	5.74	10.76	6.30	5.65	10.76	5.68	5.60	6.02	5.88	5.63
Rigidity	-1.338	-1.511	-0.204	-0.365	2.877	-1.097	2.269	-1.741	-1.822	-1.741	-1.741	-0.204	1.979	-0.365	1.169	-1.511	-1.641	-1.641	5.913	2.714
Flexibility	-3.102	0.957	0.424	2.009	-0.466	-2.746	-0.223	0.424	3.950	0.424	2.484	0.424	-2.404	2.009	3.060	0.957	-1.339	-1.339	-1.000	-0.672
Irreplaceability	0.52	1.12	0.77	0.76	0.86	0.56	0.94	0.65	0.81	0.58	1.25	0.79	0.61	0.86	0.60	0.64	0.56	0.54	1.82	0.98
